person 99.56 440.54 162.79 136.09 212.32
bottle 98.9 72.4 255.48 85.19 219.76
person 97.62 66.2 143.23 130.7 239.46
wine glass 96.26 215.71 271.0 67.29 118.53
wine glass 95.64 363.15 260.46 55.92 109.36
person 91.17 369.31 166.37 53.06 54.02
wine glass 83.03 159.98 253.66 88.8 225.84
person 80.21 273.27 166.28 31.71 36.83
knife 78.25 455.21 351.18 53.1 50.37
person 61.43 244.38 164.18 43.91 33.97
person 59.87 209.44 156.3 25.13 39.38
bottle 58.6 353.76 189.03 19.09 36.56
spoon 52.25 150.32 336.17 70.46 54.79
wine glass 50.39 257.24 217.31 36.58 70.66
